(1:12)^(1/2)

birthYear <- 1971
2011:2014 - birthYear



