x <- 10
planets <- 8
planets / 2
planets * x
y <- planets * x
y
1:10
5:-5
200:300
4 * 5
1:4
1:4 * 2
1:4 * 5:8



